0.00398406374502
0.0106241699867
0.0172642762284
0.0239043824701
0.0305444887118
0.0371845949535
0.0438247011952
0.0504648074369
0.0571049136786
0.0637450199203
0.070385126162
0.0770252324037
0.0836653386454
0.0903054448871
0.0969455511288
0.103585657371
0.110225763612
0.116865869854
0.123505976096
0.130146082337
0.136786188579
0.143426294821
0.150066401062
0.156706507304
0.163346613546
0.169986719788
0.176626826029
0.183266932271
0.189907038513
0.196547144754
0.2
0.206507304117
0.213147410359
0.2197875166
0.226427622842
0.233067729084
0.239707835325
0.246347941567
0.25
0.25630810093
0.262948207171
0.269588313413
0.276228419655
0.282868525896
0.289508632138
0.29614873838
0.302788844622
0.309428950863
0.316069057105
0.322709163347
0.329349269588
0.333333333333
0.339309428951
0.345949535193
0.352589641434
0.359229747676
0.365869853918
0.372509960159
0.379150066401
0.385790172643
0.392430278884
0.399070385126
0.405710491368
0.41235059761
0.418990703851
0.425630810093
0.432270916335
0.438911022576
0.445551128818
0.45219123506
0.458831341301
0.465471447543
0.472111553785
0.478751660027
0.485391766268
0.49203187251
0.498671978752
0.501992031873
0.508632138114
0.515272244356
0.521912350598
0.528552456839
0.535192563081
0.541832669323
0.548472775564
0.555112881806
0.561752988048
0.56839309429
0.575033200531
0.581673306773
0.588313413015
0.594953519256
0.601593625498
0.60823373174
0.614873837981
0.621513944223
0.628154050465
0.634794156707
0.641434262948
0.64807436919
0.654714475432
0.661354581673
0.667994687915
0.674634794157
0.681274900398
0.68791500664
0.694555112882
0.701195219124
0.707835325365
0.714475431607
0.721115537849
0.72775564409
0.734395750332
0.741035856574
0.747675962815
0.754316069057
0.760956175299
0.767596281541
0.774236387782
0.780876494024
0.787516600266
0.794156706507
0.800796812749
0.807436918991
0.814077025232
0.820717131474
0.827357237716
0.833997343958
0.840637450199
0.847277556441
0.853917662683
0.860557768924
0.867197875166
0.873837981408
0.880478087649
0.887118193891
0.893758300133
0.900398406375
0.907038512616
0.913678618858
0.9203187251
0.926958831341
0.933598937583
0.940239043825
0.946879150066
0.953519256308
0.96015936255
0.966799468792
0.973439575033
0.980079681275
0.986719787517
0.993359893758
